327.9437405
217.3075433
173.4682878
148.1514478
131.7033726
119.8759102
110.8356597
103.358438
97.10642915
91.90423445
87.50711428
83.72056527
80.30246011
77.26571974
74.59345949
72.21227403
70.06470233
68.0260514
66.1759066
64.49060057
61.50690139
60.11122978
57.6120096
55.42378042
53.41277602
51.65600609
50.04622925
48.59260838
46.6378769
44.90971237
43.33871973
41.93807856
40.64776467
39.11057024
38.07648854
36.80429131
35.37926097
34.10905241
32.97067027
31.93799155
30.8093102
29.79381977
28.73715954
27.77787955
26.78938
25.89946061
24.98635441
24.1723305
23.35733722
22.54870179
21.75143042
21.03178606
20.2738444
19.58870364
18.92478981
18.24195633
17.59967603
16.98416614
16.39756464
15.81392648
15.2649944
14.72336192
14.1919911
13.68839903
13.21547054
12.76384741
12.31242541
11.87834514
11.44776079
11.03565015
10.64747174
10.27100193
9.904761443
9.542251128
9.181028752
8.827011813
8.471208011
8.136169784
7.811238088
7.493761647
7.18670621
6.897753481
6.614655904
6.336183764
6.064424877
5.806693953
5.554936582
5.306755913
5.064285861
4.826863768
4.594713884
4.372616613
4.16213532
3.964948297
3.775287385
3.599538499
3.430639257
3.277336564
3.132618455
2.997478017
2.864413099
2.731751697
2.617520188
2.515861607
2.426327538
2.341907876
2.263177975
2.180446319
2.094622461
2.020656233
1.944429524
1.873890502
1.801414549
1.729275155
1.653723306
1.577026373
1.504514957
1.43591888
1.370781099
1.300826741
1.24169924
1.188967218
1.141833149
1.100969933
1.066797486
1.028663961
0.9913011796
0.9615728337
0.9388913408
0.9192515835
0.8903998775
0.8639851321
0.8359875777
0.8065741911
0.7777089866
0.7522761527
0.7301075588
0.6994783343
0.6600504683
0.6200738221
0.585020142
0.5533575821
0.5277910783
0.5028812134
0.4789414539
0.4555454785
0.4285172588
0.4121527945
0.4010261516
0.3914985977
0.3795276546
0.3660289812
0.3497262524
0.3382006246
0.3305450656
0.3191500103
0.3101631702
0.3017862396
0.2955616418
0.2935079139
0.2940489857
0.2938557504
0.2956406907
0.2979077156
0.297099582
0.2993933023
0.2983833767
0.2937471167
0.2843201224
0.2721663713
0.2532679451
0.2243710531
0.193953551
0.1687812099
0.1510979219
0.1336934718
