0.01530084085
0.01082063013
0.008836074527
0.007653189926
0.006846048716
0.006250314405
0.005787366253
0.005414239801
0.005105211188
0.004843813867
0.004618953338
0.004422845387
0.004249845671
0.004095748342
0.00395734661
0.003832146978
0.003718177416
0.003613855044
0.003517892657
0.003429231309
0.003270432569
0.003198931858
0.003069047506
0.002953904197
0.002850912748
0.002758078858
0.002673838189
0.002596944088
0.002493225448
0.00240114324
0.002318676851
0.002244264928
0.002176679348
0.002095516078
0.002040359385
0.001973273803
0.001898192763
0.001831230018
0.00177102564
0.001716518493
0.001657457119
0.001604246384
0.001548369222
0.001498111715
0.001446438113
0.001399936553
0.001352810391
0.001310317761
0.001267682653
0.001225475535
0.001184133526
0.001146913739
0.001107859293
0.001072762155
0.001038848613
0.001004294662
0.0009714788626
0.0009403644309
0.000910896902
0.0008817518113
0.0008543614651
0.0008275890299
0.0008016236163
0.0007765965997
0.0007525924134
0.0007296583447
0.0007072222111
0.0006859921133
0.0006654540734
0.0006457063856
0.0006268107353
0.0006087999686
0.0005913792436
0.0005746379627
0.0005586329469
0.0005433952377
0.0005285457538
0.0005145533726
0.000501078462
0.0004881860983
0.0004757929327
0.0004640690111
0.0004529170479
0.0004422721245
0.0004320932641
0.0004224926873
0.0004133517089
0.0004046507017
0.0003964256061
0.0003886956279
0.0003813946005
0.0003745139171
0.000368047751
0.0003620159353
0.0003563842113
0.0003511498189
0.0003463093806
0.0003418452591
0.0003377468127
0.0003340274534
0.0003306668411
0.0003276674817
0.0003250231271
0.0003227248134
0.0003207717787
0.0003191630029
0.0003178951361
0.0003169680084
0.0003163790794
0.0003161288805
0.0003162180031
0.0003166482303
0.0003174204629
0.0003185373973
0.0003200029648
0.000321821675
0.0003239961776
0.0003265346473
0.0003294437495
0.0003327298735
0.0003363989068
0.0003404636381
0.0003449342586
0.0003498177443
0.0003551281143
0.0003608787846
0.0003670823636
0.0003737559023
0.0003809154785
0.0003885760986
0.000396759649
0.0004054841091
0.0004147741078
0.0004246502433
0.0004351421053
0.0004462725516
0.0004580731712
0.0004705738794
0.0004838104168
0.0004978167766
0.0005126349513
0.0005283074284
0.0005448772659
0.0005623973595
0.000580916368
0.0006004925529
0.0006211889311
0.0006430710109
0.0006662132869
0.0006906883769
0.0007165820124
0.0007439863579
0.0007729959047
0.0008037157194
0.0008362612113
0.0008707540437
0.000907324168
0.0009461175056
0.0009872842237
0.001030992182
0.001077419159
0.001126758478
0.001179215218
0.001235013552
0.001294394762
0.001357615398
0.001424957995
0.001496716656
0.001573218387
0.001654805226
0.001741851835
0.001834758322
0.001933951939
0.002039895663
0.002153082883
0.002274047644
