0.01764384257
0.01050237732
0.007967039241
0.006621443935
0.00576852974
0.005170615785
0.004723389624
0.004373427732
0.004090335641
0.003855446148
0.003656606945
0.003485535677
0.003336374465
0.003204851613
0.003087771203
0.002982689433
0.002887702177
0.002801301353
0.002722275285
0.002649638005
0.002520420894
0.002462600452
0.002358125103
0.002266095094
0.002184233938
0.002110807204
0.002044467379
0.001984149681
0.001903141551
0.001831554234
0.001767703476
0.001710297842
0.001658328377
0.001596130475
0.001553993546
0.001502886354
0.001445873906
0.001395192198
0.001349760333
0.001308738872
0.001264410803
0.001224583408
0.001182874471
0.001145462831
0.001107101455
0.001072673278
0.001037876622
0.001006585684
0.0009752739554
0.0009443635951
0.0009141752465
0.0008870760638
0.0008587264577
0.000833328598
0.0008088629467
0.0007840168304
0.0007605019174
0.0007382845205
0.0007173183661
0.000696658751
0.0006773178734
0.000658488466
0.0006403027076
0.0006228501872
0.0006061860634
0.0005903384301
0.0005749093605
0.0005603821887
0.0005464002396
0.0005330272099
0.0005203004083
0.0005082365505
0.0004966338017
0.0004855481422
0.000475012419
0.0004650413919
0.0004553830225
0.0004463374031
0.0004376790116
0.0004294450002
0.0004215772711
0.0004141781373
0.0004071799311
0.0004005363312
0.0003942165216
0.0003882844304
0.0003826608943
0.0003773284752
0.0003723036764
0.0003675925421
0.0003631492217
0.0003589631143
0.0003550253557
0.0003513428393
0.000347889619
0.0003446590589
0.0003416443436
0.0003388298694
0.0003362042587
0.000333771812
0.0003315151925
0.0003294320986
0.0003275146079
0.0003257525271
0.0003241415115
0.000322677364
0.000321353824
0.0003201677654
0.0003191128791
0.0003181859424
0.0003173840977
0.0003167032392
0.0003161424839
0.0003156989301
0.0003153707196
0.0003151566998
0.0003150562181
0.0003150687124
0.0003151943614
0.000315433643
0.0003157872069
0.0003162567207
0.0003168440543
0.0003175508689
0.0003183800509
0.0003193347418
0.0003204181984
0.0003216346873
0.0003229885514
0.0003244841016
0.0003261271596
0.0003279229409
0.0003298781483
0.0003319987472
0.0003342926941
0.0003367665196
0.0003394286558
0.0003422871138
0.0003453511273
0.0003486293685
0.0003521321565
0.0003558696587
0.0003598518152
0.0003640904963
0.0003685960373
0.0003733804951
0.0003784563978
0.0003838360888
0.0003895332161
0.0003955599485
0.0004019305488
0.0004086596019
0.0004157608742
0.0004232492032
0.000431140281
0.0004394495019
0.0004481923063
0.0004573858398
0.0004670459765
0.0004771903213
0.0004878361711
0.0004990016194
0.0005107044812
0.0005229637262
0.0005357987734
0.0005492288625
0.0005632750822
0.0005779570652
0.0005932971458
0.0006093163949
0.0006260378617
0.0006434847905
0.0006616806591
0.0006806504175
0.000700419137
0.0007210134472
