0.01161789138
0.008194240543
0.006684984779
0.005787011596
0.005174842582
0.004723257257
0.004372447507
0.004089765055
0.003855677653
0.003657689359
0.003487384652
0.003338861051
0.003207839885
0.003091133682
0.002986312608
0.002891487613
0.002805164922
0.00272614568
0.002653455077
0.00258629124
0.002465985281
0.00241181099
0.00231339074
0.00222612781
0.002148062384
0.002077685016
0.002013811749
0.001955499098
0.001876827426
0.001806963927
0.001744379471
0.001687892489
0.00163657358
0.001574925363
0.001533017151
0.00148202896
0.001424940144
0.001374000476
0.001328180615
0.001286677334
0.001241683198
0.001201123346
0.00115850505
0.001120147708
0.001080681832
0.001045139422
0.001009090931
0.0009765593778
0.0009438897887
0.0009115165036
0.0008797728658
0.0008511625605
0.0008211059729
0.0007940601039
0.0007678915758
0.0007411899984
0.0007157912715
0.0006916691235
0.0006687837676
0.0006461064446
0.0006247519585
0.0006038351768
0.0005835028997
0.0005638579847
0.0005449675107
0.0005268701965
0.0005091145815
0.0004922618504
0.00047590577
0.0004601251319
0.0004449706861
0.0004304710307
0.0004163902233
0.000402801283
0.0003897521614
0.000377270901
0.0003650481044
0.0003534717853
0.0003422642411
0.0003314815517
0.0003210562178
0.0003111346044
0.0003016387672
0.0002925170808
0.0002837377152
0.0002754018592
0.0002674113249
0.0002597531225
0.0002524637097
0.0002455659493
0.0002390067063
0.0002327839518
0.0002268984435
0.0002213747892
0.0002161883988
0.000211343507
0.0002068439348
0.0002026802346
0.0001988493474
0.0001953706193
0.0001922316305
0.0001894409981
0.0001869987215
0.0001849018617
0.0001831544998
0.000181759694
0.0001807176783
0.0001800304894
0.0001796975171
0.0001797197223
0.0001800969832
0.0001808299524
0.0001819161243
0.0001833547699
0.0001851452579
0.0001872864548
0.000189774118
0.0001926094536
0.0001957909655
0.0001993161306
0.000203181322
0.0002073895675
0.0002119404737
0.000216829957
0.0002220606177
0.0002276339033
0.0002335500404
0.0002398130456
0.0002464254808
0.0002533884811
0.0002607089208
0.0002683895273
0.0002764382529
0.0002848587949
0.0002936617238
0.0003028510089
0.0003124369342
0.0003224272792
0.0003328332814
0.0003436634586
0.0003549310781
0.0003666480921
0.0003788251768
0.0003914783479
0.000404618464
0.0004182610833
0.0004324226098
0.000447118535
0.0004623675797
0.000478184245
0.0004945884222
0.0005116005583
0.0005292388968
0.0005475243307
0.000566479758
0.0005861273071
0.0006064892735
0.0006275919658
0.0006494588088
0.0006721172702
0.0006955941995
0.000719918322
0.0007451178866
0.000771223783
0.0007982679714
0.0008262821746
0.0008553021048
0.0008853605869
0.0009164961282
0.0009487447679
0.000982146662
0.001016742439
0.00105257329
0.001089683399
0.001128117254
0.001167922439
