423.7702927
301.2423998
246.4287703
212.233168
188.9044838
171.715029
158.481965
147.8898707
139.5543215
132.5196118
126.3823528
120.912432
116.1536214
111.9297311
108.1175474
104.7227008
101.6001792
98.76983824
96.26026518
93.97079664
89.01001206
86.82997916
82.87819576
79.40785121
76.44421113
73.84425553
71.4836214
69.33034624
66.24453001
63.73480381
62.01823293
60.34181317
58.78016692
56.85108514
55.35906259
53.48907712
51.24316439
48.63227411
46.26472293
44.12590987
42.04121389
40.21173846
38.4963201
36.91871264
35.24593709
33.81869302
32.57400356
32.47440824
32.39317917
32.20259103
32.01746079
31.68720708
31.12724106
30.99993897
30.75863278
30.38640547
29.92452821
29.66744802
29.37323674
28.97925721
28.63682631
28.31097131
27.88222578
26.95035222
26.11452331
25.2407029
24.40574075
23.03294716
21.74818662
20.47331548
19.07707933
17.77088866
16.66351518
15.86395475
15.29023256
14.9880744
14.54647755
14.1490002
13.67964294
13.50173367
13.5245035
13.55970353
13.30080924
12.63732022
11.74937341
11.06847882
10.65172093
10.33560193
10.21673033
10.02689748
9.376500457
8.664840125
8.291098152
8.032723252
8.005928719
7.542421146
7.218769401
7.157172766
7.06327983
6.827884339
6.806359361
6.731626503
6.551764236
6.53333657
6.280077809
6.218193335
5.97022976
5.867914485
5.674426297
5.50169376
5.42004341
5.301803222
5.165082823
5.070397809
4.980725757
4.875150077
4.76710164
4.677769986
4.60126458
4.49279769
4.392433312
4.263134697
4.144314304
4.020081782
3.893410929
3.793559744
3.713453206
3.638297666
3.564729277
3.496302997
3.453627496
3.427287354
3.426240272
3.423748468
3.430915993
3.432076357
3.426954566
3.415638505
3.416813427
3.425664271
3.431884088
3.438878568
3.446282314
3.461068152
3.482658006
3.504123574
3.532100403
3.562997298
3.592824763
3.612369972
3.625139301
3.638163332
3.635231523
3.624742905
3.605493625
3.601026855
3.624750747
3.673337455
3.774983575
3.917270304
4.08680109
4.276888001
4.472695024
4.669352322
4.823811456
4.934294188
4.991263244
4.992828503
4.93950208
4.863380705
4.768194767
4.616032107
4.412017097
4.274499413
4.337123411
4.583342001
