326.5842201
215.5311535
172.8120226
148.2000629
131.6127879
119.5027285
110.2302616
102.8542517
96.79200512
91.73681181
87.39735785
83.6299614
80.28530411
77.30922127
74.64627442
72.24204278
70.05134225
68.06042557
66.23305521
64.5403228
61.48736158
60.11035161
57.63263174
55.42976573
53.44971572
51.65233388
50.03328023
48.56535216
46.5783851
44.82110563
43.26995498
41.86149291
40.57811278
39.05796985
38.00926463
36.74214417
35.33534581
34.08515774
32.9579904
31.92793881
30.82175189
29.81604184
28.76495161
27.82377527
26.86008137
25.98856626
25.0937866
24.28654633
23.4766541
22.67592664
21.89063749
21.17807709
20.42505673
19.74753452
19.09394841
18.42729983
17.78761464
17.18087279
16.6048925
16.03365768
15.49438854
14.96046056
14.43325136
13.91681886
13.41288552
12.92087063
12.44053026
11.97966396
11.53053341
11.10141236
10.69439631
10.30596538
9.941451594
9.586952227
9.251965949
8.933215387
8.609947056
8.300681438
7.99423201
7.685464119
7.380798077
7.094017973
6.817354223
6.549769837
6.269254363
5.997863948
5.740609995
5.484034283
5.242752741
5.022518128
4.815375594
4.626732262
4.438090313
4.263216213
4.101148009
3.950072356
3.807475575
3.675450169
3.551964334
3.430682604
3.311278644
3.194060331
3.086326054
2.972904942
2.871862655
2.774944677
2.684135524
2.601528915
2.519585114
2.437382007
2.36629482
2.297434989
2.225084631
2.161157783
2.101772914
2.043651984
1.981523054
1.919533073
1.854884097
1.795711928
1.734889292
1.668243408
1.605061204
1.54999959
1.494642566
1.439756028
1.392008664
1.34811152
1.303663231
1.263858877
1.222908712
1.175362943
1.130528339
1.088151966
1.046105392
0.9947115795
0.9473674745
0.9013671521
0.8617500678
0.8269095742
0.7907467325
0.7612645047
0.7316391996
0.6921003319
0.6526349699
0.6314717388
0.6036972663
0.5881309776
0.5690917134
0.5443943616
0.5201401623
0.4928458391
0.4518919097
0.4211055432
0.3911441778
0.3606824374
0.3284400959
0.3145151614
0.3009064232
0.2895946052
0.2763914669
0.2641693757
0.2597616548
0.2518729894
0.2444988566
0.2365254685
0.2372382177
0.2311672534
0.2287990885
0.2270802695
0.22730067
0.2326073968
0.2438570566
0.2502830231
0.2622066652
0.2736855688
