388.0367532
240.2239933
187.4222757
158.501897
139.5994236
126.0785561
115.6875441
107.6799957
101.1584877
95.57227934
90.91377788
86.8535114
83.34409336
80.12129508
77.27819262
74.75789201
72.45386612
70.35840996
68.37858801
66.61008159
63.33892993
61.88228767
59.22060406
56.90242072
54.91762418
53.08656778
51.45158089
49.98622956
48.10852307
46.4385849
44.97279854
43.60363062
42.36637114
40.88929722
39.80072023
38.45223925
36.92897349
35.11641895
33.4566493
31.9477673
30.34603228
28.95651826
27.61743351
26.47203804
25.32750733
24.27719374
23.251738
22.74205595
22.2647532
21.75210537
21.25118501
20.77145513
20.1585896
19.61062109
19.11475046
18.61103319
18.07681562
17.80241654
17.54116402
17.20948274
16.88296354
16.62654041
16.34193145
15.97240546
15.56751996
15.15151419
14.78036825
14.2266063
13.65154715
13.13424174
12.59365017
12.03390625
11.57589113
11.12715909
10.74025465
10.38775695
9.975768286
9.535254175
9.043390698
8.611852042
8.197557286
7.845880527
7.461143365
6.995935709
6.534068027
6.213808606
6.001365933
5.835404294
5.762638004
5.747130768
5.643090171
5.489547693
5.342160306
5.122926693
4.936821996
4.664724976
4.511390923
4.443251514
4.422838162
4.338409046
4.202041285
4.036836321
3.923453148
3.91431363
3.858798533
3.760622315
3.652189576
3.646447495
3.603299468
3.532383742
3.536029329
3.512416557
3.475133933
3.482103911
3.452191516
3.467077953
3.440745707
3.438924361
3.422172627
3.392644889
3.374867762
3.345480517
3.310737665
3.280657946
3.252186112
3.226257544
3.210240365
3.200884022
3.195986777
3.194712759
3.206079098
3.225166785
3.260444202
3.300001195
3.348725761
3.407718887
3.469756976
3.528071811
3.587315494
3.654826127
3.728698476
3.797445016
3.861456281
3.903478299
3.935769025
3.955399279
3.96422349
3.958192958
3.946481328
3.926772695
3.894924657
3.825338665
3.719940118
3.586163456
3.474848596
3.420410032
3.430637387
3.495289705
3.580144321
3.642827628
3.694785355
3.782508761
3.925089477
4.110432392
4.29745204
4.459931157
4.605250757
4.76797021
4.962438256
5.231751384
5.526134225
5.829024403
6.181323027
6.594795359
7.006295335
7.390882647
