411.8992174
308.5115522
255.6200244
223.0488117
199.8966748
183.0004851
169.6983656
159.1493519
150.6624293
143.4777229
136.9665549
131.1239665
126.0344391
121.3955058
117.1808723
113.2152696
109.5811516
106.3899243
103.5042208
100.8927945
96.19859052
94.18422313
90.45756777
87.11255314
84.46483396
82.04125246
79.85361822
77.76230957
74.94772438
72.43838166
70.28088963
68.23071755
66.33623894
64.00619144
62.14583058
59.91403472
57.35407856
53.94001081
50.74382968
47.92968345
44.86180384
42.15781742
39.63334399
37.38716696
35.12897402
33.14148036
31.11426049
31.12699603
31.24988628
31.17614269
30.97329565
30.51374082
29.68124496
29.4944459
29.22847398
28.71270059
28.01315982
27.93162456
27.74655023
27.33284953
27.09671024
27.02141708
26.80852043
25.76716599
24.88214085
23.99449753
23.35214741
21.5867175
20.02684567
18.60221478
16.89539774
15.24224908
13.87118248
12.88501909
12.07983307
11.85298465
11.23232648
10.98771547
10.45743081
10.38087677
10.47778123
10.62652561
10.43633905
9.660829658
8.593271506
7.899564005
7.585706805
7.438263201
7.615553342
7.784591347
7.338509844
6.735850173
6.521536094
6.410685248
6.54143283
6.007509389
5.709792836
5.737212641
5.691697429
5.363727589
5.290246791
5.149156046
4.919636077
4.973029332
4.723408813
4.743708647
4.515396365
4.513234418
4.38454169
4.28350203
4.290038846
4.250011694
4.168224806
4.136083452
4.10661544
4.090867341
4.060518605
4.057489896
4.044825055
4.004931434
4.004710269
3.984595734
3.992013024
3.988943831
3.986984432
3.990008154
4.008936357
4.019817198
4.052854716
4.095961533
4.159141084
4.238735677
4.328577541
4.420133087
4.527010742
4.640799802
4.748506484
4.860366278
4.976883531
5.074287421
5.156054267
5.230791613
5.287823169
5.322303299
5.34628217
5.359987553
5.3688661
5.369211926
5.368708667
5.385706017
5.40590361
5.44088369
5.491824315
5.549219647
5.610269847
5.732313925
5.868651317
5.954930061
5.964902231
5.911863133
5.847013478
5.765071977
5.660794266
5.532479586
5.448323158
5.365991658
5.356378626
5.457710037
5.659145078
5.938324647
6.259218222
6.611852195
7.006617287
7.434266843
7.907990123
8.431415963
