0.006886036474
0.004870866458
0.003978507306
0.003446769109
0.003084034684
0.002816378225
0.002608435144
0.00244088073
0.00230214551
0.002184823978
0.002083926885
0.001995953828
0.001918366798
0.001849274719
0.001787235797
0.001731129002
0.00168006779
0.001633340604
0.001590368831
0.00155067649
0.001479611313
0.001447625763
0.001389544257
0.001338080549
0.001292071291
0.001250620514
0.001213025493
0.001178726269
0.001132490417
0.001091472556
0.001054765442
0.001021668149
0.0009916294282
0.0009555870605
0.0009311147106
0.0009013751383
0.0008681276594
0.0008385113396
0.0008119165094
0.0007878675802
0.000761843811
0.0007384318187
0.0007138848232
0.0006918434241
0.0006692212198
0.0006489017491
0.0006283503768
0.0006098586056
0.0005913456775
0.0005730629067
0.0005552019793
0.0005391658569
0.0005223885051
0.0005073584259
0.0004928819054
0.0004781838245
0.0004642782755
0.0004511462495
0.0004387610482
0.0004265656143
0.0004151582559
0.0004040634026
0.0003933599658
0.0003831014438
0.0003733207661
0.0003640346782
0.0003550107124
0.0003465319989
0.0003383904819
0.0003306238232
0.0003232539349
0.0003162904406
0.0003096171577
0.0003032669526
0.0002972589099
0.0002916013503
0.0002861520835
0.0002810808453
0.0002762610948
0.000271714302
0.0002674092357
0.0002634021853
0.0002596562265
0.0002561470104
0.0002528592929
0.0002498266605
0.0002470088157
0.0002443982838
0.0002420041026
0.0002398291603
0.000237852558
0.0002360706589
0.0002344807812
0.0002330861424
0.0002318772166
0.0002308524188
0.0002300099802
0.0002293460884
0.0002288592328
0.0002285506169
0.0002284181163
0.0002284619301
0.0002286819211
0.0002290794449
0.0002296559326
0.0002304126613
0.0002313524103
0.0002324764957
0.000233789904
0.0002352960498
0.0002369981609
0.0002389039305
0.0002410139599
0.0002433355888
0.0002458760786
0.0002486424093
0.0002516385373
0.0002548756872
0.0002583619906
0.0002621049361
0.0002661113168
0.0002703950265
0.0002749664705
0.0002798325657
0.0002850070354
0.0002905024981
0.0002963304481
0.0003025061996
0.000309043741
0.0003159557689
0.0003232608358
0.0003309735869
0.0003391141776
0.0003476988145
0.0003567511237
0.0003662884769
0.0003763353403
0.0003869142869
0.0003980523617
0.0004097746519
0.0004221124483
0.0004350969023
0.0004487591098
0.0004631377164
0.0004782672915
0.0004941896722
0.0005109499102
0.0005285944089
0.0005471761295
0.0005667458215
0.000587364021
0.0006090956094
0.0006320065413
0.00065617036
0.0006816679309
0.0007085841908
0.0007370097331
0.0007670467303
0.0007987997953
0.0008323863657
0.0008679306566
0.0009055679597
0.0009454417243
0.0009877091273
0.00103253952
0.001080113024
0.001130628589
0.001184293132
0.001241337525
0.001302003196
0.001366555248
0.001435277069
0.001508471602
0.001586467656
0.001669615967
0.001758296704
