448.2683337
316.9795866
258.8176667
224.1469362
200.4869273
183.0221686
169.4488254
158.5078772
149.4455023
141.7791487
135.1836854
129.4309866
124.3556348
119.8343672
115.7731992
112.09905
108.7541208
105.6920177
102.8750121
100.2720653
95.60929893
93.50951697
89.69458847
86.3119398
83.28566784
80.55730631
78.0809921
75.82017451
72.76989783
70.06101008
67.63425977
65.44385969
63.45379243
61.0630798
59.4378242
57.46036823
55.24622244
53.2704797
51.49323842
49.88336077
48.13799919
46.56457296
44.91121075
43.4230701
41.8918332
40.51273695
39.11391067
37.85146496
36.58356468
35.32705432
34.0948617
32.9841784
31.81721137
30.76699919
29.75071118
28.71355347
27.72681929
26.78948836
25.90001598
25.0184053
24.18798462
23.37432515
22.58311485
21.81833688
21.0825863
20.37735782
19.68503139
19.02746471
18.38878806
17.77204411
17.17918736
16.61131264
16.05914124
15.52548421
15.01217969
14.52029316
14.03755903
13.5792376
13.1342824
12.70483076
12.28809503
11.88984047
11.50686934
11.13699424
10.77878503
10.43625235
10.10524079
9.785030083
9.476964108
9.181863912
8.897286148
8.622916601
8.358545843
8.105058222
7.861097034
7.626591758
7.401462967
7.184947227
6.976534649
6.776962788
6.585211839
6.401465956
6.22541981
6.056498841
5.894625021
5.739724452
5.591474341
5.449860693
5.314450881
5.18512102
5.061766672
4.944018997
4.831990706
4.725393011
4.624016612
4.527705646
4.43641221
4.34987633
4.267972016
4.190596898
4.117660856
4.048960311
3.984383489
3.923869178
3.867273098
3.814484997
3.765415924
3.719955096
3.678016443
3.639528718
3.604396832
3.572557403
3.54393281
3.518470343
3.496103968
3.476794076
3.460492681
3.447164916
3.436778344
3.42931083
3.424743552
3.423066688
3.424276684
3.42837697
3.435376292
3.445290862
3.458144382
3.47396593
3.492793933
3.514667099
3.539636044
3.567758069
3.599091697
3.633704191
3.671671162
3.713070996
3.757985942
3.806510644
3.858736597
3.914767723
3.974709405
4.038674324
4.10677619
4.179137805
4.255886968
4.337152495
4.423076328
4.513793324
4.609456592
4.710212949
4.816222983
4.927649883
5.044659517
5.167428337
5.296134683
5.430968083
