0.006301012308
0.006036841154
0.005148013419
0.004535097344
0.004104231308
0.003776037683
0.003515305337
0.003301404605
0.003121851352
0.002968527613
0.002835710553
0.002719028545
0.00261572138
0.002523337346
0.00244022091
0.002365122113
0.002296531403
0.002233529908
0.002175403608
0.002121422865
0.0020244583
0.001980674968
0.001900756105
0.001830034036
0.001767121189
0.001710009562
0.001658196993
0.001611095093
0.001547256104
0.001490529892
0.001439699937
0.001394165364
0.001352891509
0.001302909785
0.001269046952
0.001228027828
0.001181894903
0.001140788005
0.001103832798
0.001070184741
0.001033700608
0.001000662358
0.0009658812517
0.0009348809363
0.0009028482398
0.0008738801828
0.0008444098227
0.0008177924752
0.0007912155725
0.0007649912789
0.0007389935456
0.0007153363262
0.0006904485041
0.0006679430398
0.0006458449569
0.0006233746802
0.0006022346345
0.0005823485043
0.0005636153141
0.0005448092188
0.0005272473633
0.0005104338269
0.0004940871524
0.0004783888681
0.0004633510519
0.0004491920262
0.0004354397708
0.0004223115351
0.0004095868871
0.0003976136255
0.0003860284917
0.0003749467261
0.0003642793738
0.0003540053602
0.0003441001727
0.0003345768732
0.0003250393783
0.0003159708068
0.0003072280062
0.0002988982173
0.0002911450584
0.0002837927435
0.0002763501665
0.0002692537807
0.0002624386844
0.0002559308018
0.0002499872627
0.0002444824477
0.0002391706958
0.000234077526
0.0002292943066
0.0002246960674
0.0002204834375
0.0002167264445
0.0002135749767
0.000210839926
0.0002081663825
0.0002056224141
0.0002032100868
0.0002008468155
0.0001987652064
0.0001971470807
0.0001960928054
0.0001953931428
0.0001950661798
0.0001951714526
0.0001956913069
0.0001966579236
0.000198027042
0.0002000216738
0.000202663863
0.0002057571409
0.0002090738832
0.0002129243747
0.0002171617599
0.0002217877098
0.0002270152809
0.0002328170604
0.0002393612338
0.0002464339946
0.0002538222799
0.0002618868976
0.0002709807266
0.0002806741397
0.0002909691283
0.0003019567522
0.0003137173451
0.000326140998
0.0003391969071
0.0003529796534
0.0003678025454
0.0003832716043
0.0003991112203
0.0004157719474
0.0004333067285
0.0004521506696
0.0004719978691
0.0004927475563
0.000514754003
0.0005381134957
0.0005621117847
0.0005869565678
0.000613469375
0.0006419909919
0.000672858267
0.0007049383251
0.0007378846868
0.0007720986617
0.0008068823139
0.0008426512238
0.0008817435688
0.0009246160871
0.0009712356495
0.001022012475
0.001077384977
0.001138676357
0.001207023604
0.001282583982
0.001367507222
0.001461499037
0.001564627056
0.001678382189
0.001802913656
0.001939444327
0.002088805394
0.002250966069
0.002426728748
0.002617456655
0.002824525855
0.003047988228
0.003287089323
0.003541467128
0.003808533815
0.004087733093
0.004380028371
0.004680368247
