318.9402751
209.1247914
166.5148401
143.2360414
127.127573
115.4070801
106.8092815
99.46674249
93.44177462
88.55415855
84.11159589
80.35650893
77.22768527
74.24920273
71.66740279
69.44862473
67.28134793
65.37304556
63.71041573
62.04256821
59.20512231
57.84240302
55.49409574
53.32053181
51.41097557
49.7460592
48.21433672
46.82275618
44.9606041
43.3066403
41.82063165
40.48125164
39.26812232
37.81390567
36.81589124
35.57909361
34.21349628
32.98406286
31.87657525
30.87361603
29.78723334
28.82199044
27.81341612
26.91808709
25.9916523
25.16847729
24.32420914
23.56435592
22.80413374
22.04569872
21.30209407
20.62862477
19.91345126
19.2759801
18.66180875
18.03376165
17.44096979
16.87719678
16.33431454
15.80411468
15.30754472
14.82005147
14.33789979
13.86879326
13.40557933
12.96149732
12.52949053
12.11842839
11.72029419
11.32741556
10.94502161
10.57752092
10.22436258
9.874505011
9.549150413
9.225889169
8.900404813
8.580929963
8.268224961
7.967159562
7.665414412
7.374987725
7.099287565
6.827851182
6.561339811
6.313053032
6.067055267
5.83343293
5.608888517
5.399226466
5.203976132
5.013647829
4.813478954
4.617229451
4.417323537
4.22627769
4.043868031
3.86456431
3.7022879
3.543038362
3.380296369
3.223980199
3.078063601
2.941513863
2.814418964
2.689535233
2.566216299
2.44306951
2.308319374
2.192461039
2.086848865
1.979441074
1.892416588
1.813892149
1.735997328
1.658961755
1.59702409
1.535135144
1.482505369
1.425367049
1.363908279
1.288634554
1.212860014
1.143940201
1.082022957
1.024996339
0.9682089389
0.9115740738
0.8553172302
0.7977774427
0.7557683279
0.72709328
0.6956620699
0.6552773051
0.6287674746
0.604158011
0.583543205
0.567924888
0.552447589
0.5363542768
0.5230470833
0.5142788977
0.5025020878
0.491574342
0.4759243173
0.465027815
0.4613077268
0.4558329384
0.4509296587
0.4425174698
0.4329025294
0.4168863158
0.3979666206
0.3813329867
0.3683146262
0.3511643986
0.3272258742
0.3052988505
0.2790820148
0.2561642964
0.230043232
0.2031831637
0.1796051214
0.164870153
0.1475970156
0.1378280887
0.1354146458
0.1306495943
0.1287443947
0.1205876416
0.115783428
0.1155449845
0.09952714982
0.09058311134
0.09593628936
0.09518306972
