446.6526056
310.9227578
252.5186207
218.1019927
194.7620288
177.6014945
164.3008994
153.6011607
144.7520561
137.2750903
130.8487884
125.24811
120.3101844
115.9138405
111.9668131
108.3974422
105.1491103
102.176412
99.44245197
96.916898
92.39428746
90.35823449
86.66001975
83.38182002
80.44971953
77.8068188
75.4085081
73.2192526
70.26602353
67.64377127
65.29496766
63.17517539
61.24945123
58.93625886
57.36383054
55.45077507
53.30888266
51.39772339
49.67864921
48.1215071
46.43335401
44.911518
43.31236905
41.87301154
40.39194243
39.05799074
37.70490228
36.48367589
35.25710218
34.04146172
32.84924892
31.77450359
30.64517705
29.62871936
28.64497119
27.64087775
26.68544708
25.7776955
24.91613287
24.06201326
23.25731202
22.46866834
21.70158821
20.95993011
20.24621103
19.56188441
18.88984951
18.25132384
17.63090186
17.03153823
16.45513547
15.90276477
15.36540346
14.84578654
14.345708
13.86621423
13.39534881
12.94800145
12.51340043
12.09363661
11.68598932
11.2961075
10.92087535
10.55816025
10.20656783
9.870048564
9.544536245
9.229334522
8.925781789
8.634708712
8.353727538
8.082549251
7.820990612
7.569954762
7.328129175
7.0954767
6.871954917
6.656845199
6.449683322
6.251249226
6.060579908
5.877913545
5.703005957
5.535350662
5.374940019
5.221775298
5.075617057
4.936536049
4.804197534
4.678577188
4.559674418
4.447241128
4.341495716
4.242277647
4.149510463
4.063173953
3.983346352
3.909922325
3.842920138
3.782377389
3.728336806
3.680757147
3.639668378
3.605124638
3.577123156
3.555679879
3.540813656
3.532530657
3.530840124
3.535742462
3.547234998
3.565306081
3.589948971
3.621139921
3.658874685
3.703118399
3.75385971
3.811073114
3.874751134
3.944869795
4.021436083
4.104451552
4.193910599
4.289850107
4.392272531
4.501220278
4.616748365
4.73891003
4.867791068
5.00344729
5.145985765
5.295524707
5.452168568
5.616050366
5.787326498
5.966151603
6.152686452
6.347133127
6.54967155
6.760522986
6.979906842
7.208063572
7.445232439
7.691680566
7.947688073
8.213535455
8.489543493
8.776007768
9.073280018
9.381690353
9.70160994
10.03341609
10.37749294
10.73425465
11.10411951
11.48753668
