396.1400126
244.5351563
188.9935065
158.8549507
139.4365835
125.6520762
115.2387268
107.0241483
100.3345995
94.75266043
90.00450084
85.90222457
82.31213496
79.13621041
76.30075818
73.74918018
71.43720075
69.32962522
67.39808163
65.61941194
62.44742407
61.02477444
58.44897272
56.17435529
54.14654514
52.32397408
50.67425027
49.1717096
47.14980889
45.35916177
43.75885119
42.31742248
41.01024484
39.4428654
38.37912875
37.08679113
35.64220335
34.35527482
33.19930707
32.15352874
31.02114178
30.00153387
28.93135945
27.96919363
26.98020439
26.0903742
25.18867448
24.37562902
23.55977892
22.75196039
21.96046011
21.24759864
20.49922226
19.82626523
19.17554933
18.51199596
17.88121194
17.28248788
16.71478341
16.15254969
15.62339578
15.1053542
14.60204062
14.11597599
13.64879127
13.20141318
12.76265615
12.3463598
11.94245833
11.55286908
11.17881366
10.82096489
10.47346603
10.13808325
9.815961694
9.507753992
9.2057736
8.919559178
8.642196368
8.375014259
8.11627517
7.869547302
7.632830432
7.404761852
7.18445494
6.974362792
6.77192074
6.57668239
6.389457024
6.210723964
6.03898529
5.874039059
5.715745906
5.564616072
5.419819697
5.281296024
5.1489763
5.022390111
4.901220094
4.785871134
4.675727701
4.570870182
4.471095959
4.376052566
4.285669807
4.1998777
4.118468014
4.041402584
3.968415534
3.899410807
3.834302232
3.77286585
3.71513062
3.660916736
3.610089038
3.562542014
3.518224407
3.476983636
3.438735878
3.403410357
3.370943284
3.341223623
3.31418569
3.2897871
3.267954296
3.248632222
3.231777581
3.217343767
3.205297438
3.195613386
3.188265095
3.183238996
3.18052459
3.1801206
3.182031996
3.186270123
3.192854462
3.201810238
3.213172275
3.226979297
3.243282437
3.262138502
3.283608471
3.307769309
3.334695172
3.364475704
3.397209732
3.433001082
3.471968595
3.514227489
3.559914068
3.609174381
3.662155955
3.719021931
3.779950377
3.845126037
3.914743316
3.989020295
4.068175716
4.152453998
4.242109669
4.337417487
4.438664454
4.546163316
4.660248051
4.781269692
4.909616233
5.045684475
5.189920069
5.342783033
5.504780437
5.676452287
5.858374349
6.051173474
6.255517402
6.472132948
