0.007028104393
0.006834628272
0.005940735116
0.00536956946
0.004984302077
0.004659318646
0.004345710375
0.004033302612
0.003733445759
0.003464431302
0.003238899884
0.003060126416
0.002920385224
0.002807214309
0.002712119792
0.002629703012
0.002558990063
0.002500078837
0.002450659022
0.002406176667
0.002315269372
0.002263926567
0.002155408638
0.002056307611
0.001972946119
0.001906418026
0.001856780269
0.001813298935
0.001742347495
0.001674799984
0.001611325196
0.001560121647
0.001518208547
0.001459408928
0.001422639165
0.001376665926
0.001324504441
0.001277102839
0.001238910357
0.001199070448
0.001157822984
0.001123577195
0.001081340309
0.001049943561
0.00101100512
0.0009805818485
0.0009466990135
0.0009177889736
0.0008885825486
0.0008594830021
0.0008315957272
0.000806619552
0.0007799691277
0.0007556748966
0.000732537362
0.0007090884905
0.0006867905395
0.0006657335868
0.0006456436377
0.000625604639
0.0006068404826
0.0005881199211
0.0005702003804
0.0005529147389
0.0005363335585
0.0005205157916
0.0005049603504
0.0004898739312
0.0004752613085
0.0004612097129
0.0004477292973
0.0004349844132
0.0004225624416
0.0004106558253
0.0003995118016
0.0003891752456
0.0003792461095
0.0003697553794
0.0003602980985
0.0003511841719
0.0003424686239
0.0003341110301
0.0003262715023
0.0003188318552
0.0003116052708
0.000304739049
0.0002982613233
0.0002923674095
0.0002869765124
0.0002817845575
0.0002766294365
0.0002716864342
0.0002670058846
0.0002627978831
0.0002589239219
0.0002548381358
0.0002505265671
0.000245962417
0.0002414513194
0.0002372309523
0.0002333950222
0.0002297266008
0.0002260116969
0.0002221589259
0.0002182825918
0.0002147016706
0.0002115006618
0.0002091577913
0.0002074940116
0.0002060177974
0.0002046124422
0.0002031095712
0.0002014577755
0.0001996901371
0.0001982562332
0.0001972220208
0.0001966002583
0.0001961305552
0.0001957256515
0.0001953209165
0.0001953055096
0.0001962506914
0.0001981287271
0.0002009536903
0.0002044507485
0.0002088400156
0.0002137023751
0.0002188239911
0.0002243603447
0.0002310531403
0.0002388125543
0.0002472895245
0.0002565399348
0.0002662037
0.0002764673272
0.000286977239
0.000298205888
0.0003102876913
0.0003231450666
0.0003361057124
0.0003490852153
0.0003626184373
0.0003762323087
0.000389435806
0.0004018342265
0.0004141492598
0.0004260429412
0.0004370971058
0.0004471639196
0.0004570866569
0.0004668397986
0.0004758840905
0.0004854416226
0.0004960042994
0.0005072209656
0.0005167233299
0.0005246447165
0.0005319733033
0.0005406458757
0.0005504418879
0.000561054751
0.0005730253263
0.0005860778599
0.0005966940556
0.0006085849479
0.000624524987
0.0006406792723
0.0006590650669
0.0006786431696
0.0006945720617
0.0007103023315
0.0007255591763
0.0007440288217
0.0007674530309
0.0007938560517
0.0008267901935
