0.005008795121
0.01001759024
0.01502638536
0.02003518049
0.02504397561
0.03005277073
0.03506156585
0.04007036097
0.04507915609
0.05008795121
0.05509674634
0.06010554146
0.06511433658
0.0701231317
0.07513192682
0.08014072194
0.08514951706
0.09015831219
0.09516710731
0.1001759024
0.1101934927
0.1152022878
0.125219878
0.1352374683
0.1452550585
0.1552726488
0.165290239
0.1753078293
0.1903342146
0.2053606
0.2203869853
0.2354133707
0.2504397561
0.2704749366
0.2855013219
0.3055365024
0.330580478
0.3556244536
0.3806684292
0.4057124048
0.4357651756
0.4658179463
0.5008795121
0.535941078
0.576011439
0.6160817999
0.661160956
0.7062401121
0.7563280633
0.8114248097
0.8715303511
0.9316358926
1.001759024
1.071882156
1.147014083
1.2321636
1.322321912
1.417489019
1.517664922
1.627858414
1.743060702
1.86828058
2.003518049
2.148773107
2.304045756
2.469335995
2.649652619
2.839986834
3.045347434
3.265734419
3.50114779
3.751587546
4.022062483
4.3125726
4.623117897
4.953698375
5.314331624
5.695000053
6.105721253
6.546495224
7.02233076
7.528219068
8.069168941
8.650189175
9.276288565
9.942458316
10.65871602
11.43007047
12.25652166
13.1380696
14.08473188
15.10151729
16.19343463
17.36048389
18.61268267
19.95503976
21.39256396
22.93527286
24.59318405
26.36629752
28.26963967
30.30821928
32.49205395
34.83617007
37.35058522
40.045317
42.93539178
46.03082717
49.35165833
52.91291166
56.72961355
60.82680795
65.21451248
69.9177711
74.96162779
80.37112652
86.16630247
92.38221722
99.04892353
106.1964742
113.8549219
122.0693459
130.8798165
140.3213953
150.4441703
161.2982293
172.9336604
185.410569
198.7890608
213.1292412
228.5062422
244.990187
262.666225
281.6144969
301.9351787
323.7184287
347.0744404
372.1134072
398.960549
427.7410858
458.6002725
491.6883731
527.1606601
565.1974503
605.9740514
649.6908152
696.56312
746.8163614
800.7009793
858.4674135
920.4011651
986.8077709
1058.002785
1134.331814
1216.170517
1303.91459
1397.984771
1498.846879
1606.981756
1722.920337
1847.223606
1980.497626
2123.383525
2276.577523
2440.825933
2616.920143
2805.726675
3008.147112
3225.178205
3457.861782
3707.334841
3974.809509
4261.578056
4569.037936
4898.676761
5252.102353
