281.0277993
196.3232355
159.6405262
137.9675021
123.2485511
112.4166063
104.0157356
97.25441964
91.66051462
86.93263332
82.86815687
79.32517164
76.20092409
73.4189401
70.92097073
68.66176299
66.60555484
64.72366028
62.99276537
61.39370034
58.52992176
57.24055426
54.89841886
52.82209989
50.96484407
49.29065584
47.77131064
46.38432298
44.51320318
42.85166656
41.36329899
40.01996972
38.7995562
37.33350122
36.33687225
35.12428598
33.76656703
32.55502747
31.46518869
30.47795138
29.4075859
28.44260993
27.42854185
26.51573733
25.57641097
24.73032454
23.87203172
23.09731747
22.31914405
21.5478347
20.79131321
20.10925952
19.39248713
18.74727388
18.12274631
17.48521613
16.87849362
16.3019585
15.75466915
15.21201185
14.70065507
14.19940077
13.71174485
13.24013855
12.78618226
12.35080183
11.92311498
11.51662376
11.12152201
10.73968893
10.37233619
10.02014788
9.677369888
9.345743034
9.026410914
8.720042526
8.418993311
8.132780256
7.854511911
7.585521718
7.324060386
7.073748308
6.83258543
6.599196991
6.372678045
6.155569611
5.945244657
5.741243079
5.544422055
5.355315622
5.172365803
4.995372623
4.824203669
4.659439503
4.500207672
4.346469146
4.198181579
4.054851445
3.916147641
3.782572356
3.653456677
3.528937552
3.408824631
3.292740966
3.180647776
3.072512303
2.968129393
2.867511827
2.770376183
2.676657685
2.586308259
2.499086055
2.415106301
2.334188829
2.25621131
2.181092255
2.108837152
2.039285819
1.972383781
1.908098226
1.846410011
1.78720536
1.730448274
1.676150573
1.624252866
1.574726977
1.527566596
1.482746267
1.440265708
1.40014197
1.362368846
1.326974469
1.293972071
1.263403216
1.235293047
1.209697721
1.186660713
1.166239267
1.148488641
1.13347327
1.121253377
1.111893814
1.105459963
1.102013274
1.101615253
1.104323035
1.11019171
1.119273191
1.131618794
1.147274365
1.166289156
1.188714519
1.214601131
1.244006913
1.276999226
1.313652294
1.354050129
1.398296411
1.446502497
1.498803529
1.555350262
1.616316242
1.681893542
1.752302108
1.827787534
1.90861871
1.995101485
2.087560117
2.186364545
2.291907233
2.404625687
2.524992989
2.653519781
2.790765169
2.937329632
3.093868073
