0.004417011295
0.006187021342
0.006249537419
0.005733576622
0.005175060702
0.004719269432
0.00436705207
0.004088523228
0.003860029339
0.003667240351
0.003500665568
0.003354766444
0.00322600559
0.00311177689
0.00301009319
0.002918999985
0.002836424275
0.002760401787
0.002689624536
0.0026237693
0.002505672698
0.002452387678
0.002355273045
0.002268716823
0.002190862738
0.002120259012
0.002055560262
0.001996128045
0.001916906528
0.00184670229
0.001783378959
0.001726231794
0.001674511052
0.001612709824
0.001570877674
0.001519539167
0.001462248521
0.001411496024
0.001365932394
0.001324933612
0.001280932313
0.001241382329
0.001199456783
0.001161990084
0.001123377103
0.001089086953
0.001054209867
0.001022967554
0.0009915346863
0.0009603250023
0.0009293978859
0.0009014557151
0.0008724671375
0.0008462094018
0.0008207312129
0.0007944514532
0.0007693627331
0.0007455420068
0.0007229203902
0.0007005726521
0.000679960863
0.0006598319683
0.0006407142424
0.0006222793973
0.0006049113942
0.0005884569368
0.0005725663349
0.0005575405774
0.0005430972485
0.000529120345
0.0005156550997
0.0005030631168
0.0004907310246
0.0004790620327
0.0004678894747
0.000457709801
0.000448126387
0.0004394774568
0.0004314385152
0.0004240238709
0.0004171670762
0.0004108936886
0.0004053076414
0.0004001640517
0.0003954528786
0.0003908174649
0.0003862298088
0.0003817757866
0.000377554569
0.0003736495875
0.0003697871849
0.0003658170037
0.0003619400667
0.0003584905917
0.0003552912574
0.0003525708868
0.0003502186405
0.0003479729103
0.0003459641384
0.0003443215261
0.0003432746838
0.0003426489348
0.0003421268367
0.0003415206959
0.0003407461649
0.0003395248638
0.0003380260355
0.0003365337454
0.0003350329479
0.0003331799031
0.0003312981916
0.0003296722032
0.0003284044738
0.0003277112225
0.0003274283366
0.0003278159747
0.0003288666963
0.0003306958854
0.0003335478363
0.0003372217623
0.0003410951946
0.0003450478653
0.0003490617987
0.0003530442426
0.0003573391613
0.0003619309537
0.0003666011869
0.0003710317398
0.0003751824716
0.0003795129388
0.0003841738173
0.0003893130266
0.000394732667
0.0004005115105
0.0004062730933
0.000412145026
0.000417794219
0.0004232149254
0.0004284234982
0.0004331735208
0.0004371504254
0.0004403202164
0.0004430732527
0.0004455547933
0.0004477843019
0.0004496793551
0.0004517105385
0.0004548161194
0.0004592161999
0.0004650148392
0.000472570525
0.0004823032818
0.0004932456278
0.0005038459984
0.0005144014385
0.0005245670333
0.0005335470842
0.000537683417
0.0005379103936
0.0005364252248
0.0005314560883
0.000521780903
0.0005065987757
0.0004883536528
0.0004689463286
0.0004491674724
0.000423427064
0.0003929503935
0.0003660873457
0.0003406175801
0.0003203830159
0.0003120164159
0.0003289961626
0.0003647731586
0.0003957533658
0.0004105435871
