0.00967285425
0.006840211875
0.005585396158
0.004837430196
0.004327029147
0.003950293142
0.003657514573
0.003421529064
0.003226072473
0.003060733569
0.002918497606
0.00279444279
0.002685000284
0.002587510762
0.002499946576
0.002420731073
0.002348617316
0.002282604419
0.002221878451
0.002165769806
0.002065267707
0.00202001216
0.001937797197
0.001864905747
0.00179970046
0.001740920153
0.001687575525
0.001638878168
0.001573184572
0.001514852572
0.00146260419
0.001415451887
0.001372618861
0.001321172026
0.001286203911
0.001243665905
0.001196047709
0.001153568047
0.001115366538
0.001080771808
0.001043276792
0.001009486439
0.0009739920001
0.0009420568454
0.0009092104641
0.0008796408173
0.0008496624032
0.0008226205331
0.0007954764858
0.0007685924635
0.0007422462649
0.0007185147776
0.00069359978
0.0006711962444
0.0006495353252
0.0006274511238
0.0006064632809
0.0005865493135
0.0005676754899
0.0005489937465
0.0005314226199
0.0005142335781
0.0004975481377
0.0004814511745
0.0004659977488
0.0004512193046
0.0004367477815
0.0004230408221
0.0004097678129
0.0003969932634
0.0003847583628
0.0003730858979
0.0003617862284
0.0003509187848
0.0003405221824
0.0003306185257
0.0003209633756
0.0003118637482
0.0003031011377
0.0002947203918
0.0002866701139
0.0002790636554
0.0002718408184
0.0002649628198
0.000258406871
0.0002522488374
0.0002464162763
0.0002409011144
0.0002357306199
0.0002309208747
0.000226435
0.0002222727304
0.0002184357193
0.000214940431
0.0002117716295
0.0002089328113
0.0002064268509
0.000204249466
0.0002024009885
0.0002008920756
0.0001997186256
0.0001988859077
0.0001983956804
0.0001982504223
0.0001984546912
0.0001990122892
0.0001999279344
0.0002012048623
0.000202850303
0.0002048699312
0.0002072689295
0.000210058902
0.0002132412131
0.0002168271917
0.0002208285663
0.0002252570873
0.0002301200492
0.0002354370887
0.0002412236517
0.0002474949183
0.0002542657712
0.0002615641986
0.0002694136191
0.0002778327502
0.0002868535015
0.0002965075792
0.0003068264859
0.0003178504034
0.0003296192768
0.0003421728778
0.0003555639468
0.0003698406317
0.0003850639161
0.0004012902586
0.0004185930998
0.0004370371348
0.0004567039212
0.0004776748225
0.0005000436413
0.0005239040226
0.0005493660968
0.0005765439336
0.0006055556113
0.0006365395708
0.0006696300285
0.0007049814645
0.0007427603591
0.0007831411374
0.000826318223
0.0008724859231
0.0009218664889
0.0009746979856
0.001031226321
0.001091721165
0.001156475861
0.001225799458
0.001300020669
0.001379503629
0.001464624159
0.001555797374
0.001653461858
0.001758091462
0.00187018741
0.001990293999
0.002118994631
0.002256907878
0.002404710994
0.002563108522
0.002732879326
0.002914837376
0.003109870917
0.003318926779
0.003543014286
0.003783224819
0.004040720058
0.004316755455
