311.3822026
199.950792
157.3694778
133.6633281
118.1227584
106.95246
98.4340358
91.66449383
86.11889223
81.46886
77.49722329
74.0539184
71.03151967
68.35084766
65.9520958
63.78913924
61.82576051
60.03307354
58.38772105
56.87058536
54.16029375
52.94278242
50.73539836
48.78295589
47.03990426
45.4713248
44.04994016
42.75409115
41.00843429
39.46065036
38.07598961
36.82768515
35.69474031
34.33515254
33.4117458
32.28914668
31.03332578
29.91370295
28.90732415
27.99630955
27.00923627
26.11992047
25.18593172
24.34570081
23.48153462
22.70355729
21.91474849
21.20308872
20.48857132
19.78067245
19.08665184
18.46120811
17.80419697
17.21301833
16.64101319
16.05732751
15.50206795
14.97464105
14.47416132
13.97811045
13.51085589
13.05301486
12.60777743
12.17737567
11.76326207
11.36627154
10.97647789
10.60618155
10.24644171
9.898966679
9.564853945
9.244718618
8.933326704
8.632259058
8.342550438
8.064801955
7.792083736
7.533015109
7.281352748
7.03830272
6.802284676
6.576563694
6.359329932
6.149342599
5.945787819
5.750945655
5.562454241
5.379901712
5.204053911
5.035382568
4.872493567
4.715207241
4.563403985
4.417594155
4.27700046
4.141584387
4.011303251
3.88571822
3.764535268
3.648186852
3.536082864
3.428334972
3.32476945
3.225052801
3.129143149
3.037002098
2.948443457
2.86346536
2.78181485
2.703423461
2.628235108
2.556031885
2.486890658
2.420642246
2.357164895
2.296369242
2.238234333
2.182604066
2.129406214
2.07858367
2.030087684
1.983793135
1.93963421
1.897579685
1.857540574
1.819449811
1.783254655
1.748885163
1.716288224
1.685421628
1.656223022
1.628654467
1.602664691
1.578223281
1.555285908
1.533833188
1.513836258
1.4952797
1.478149362
1.462444271
1.448165409
1.435326338
1.423952355
1.414075409
1.405744628
1.399019157
1.39397341
1.390698758
1.389303726
1.38991627
1.392684166
1.397777591
1.405388815
1.415734318
1.429056345
1.445621768
1.465722214
1.489678133
1.517831401
1.550552324
1.588233399
1.631291728
1.680164069
1.735311608
1.797217091
1.866381368
1.943334154
2.028617461
2.122810115
2.226507165
2.340342181
2.464979785
2.601118943
2.749506257
2.910930482
3.08623868
