319.8974714
208.8494782
165.5337225
141.146045
125.0440161
113.4126287
104.5101967
97.4156974
91.59103361
86.69824346
82.51306167
78.88008776
75.68780799
72.85385898
70.31591636
68.02583676
65.94576415
64.04546741
62.30047381
60.69073213
57.81329991
56.52000986
54.17416414
52.09812661
50.24386708
48.57452934
47.06129722
45.681272
43.82157223
42.17206671
40.69593606
39.36479959
38.15638131
36.70585882
35.72047024
34.52228397
33.18160717
31.9860718
30.91125459
29.93812363
28.88357633
27.93331874
26.93517614
26.03710137
25.1133167
24.28155812
23.43811479
22.67707411
21.91289194
21.15570365
20.41327772
19.74414128
19.04115942
18.40855151
17.79640107
17.17168818
16.57733945
16.01272654
15.47690799
14.94577808
14.44543024
13.95511239
13.47824164
13.01721022
12.57357613
12.14823642
11.73055697
11.33371961
10.94814485
10.57566436
10.21745603
9.874181276
9.540228769
9.217294038
8.906487954
8.608457031
8.315765187
8.037663597
7.767451804
7.506424749
7.252885142
7.010341328
6.77685038
6.551079374
6.332153204
6.122525107
5.91965524
5.723100246
5.533685117
5.351919589
5.176302672
5.006641211
4.842806836
4.685351743
4.53343816
4.38702575
4.246070031
4.110097854
3.978792143
3.852623448
3.730954164
3.613907749
3.501298271
3.392765757
3.288267312
3.187764326
3.091057243
2.998147963
2.908764132
2.822835157
2.740304489
2.66093812
2.584826309
2.511789313
2.441699667
2.37446595
2.310073023
2.248356655
2.189245947
2.13268754
2.078638253
2.026970585
1.977623952
1.930577557
1.885747215
1.843074533
1.802518661
1.764021172
1.727544433
1.693065187
1.660540149
1.629956121
1.601288318
1.574538698
1.549698148
1.526789431
1.50583031
1.486858836
1.46992115
1.45508419
1.442425321
1.432043373
1.424057632
1.418604937
1.415847212
1.415967322
1.419173076
1.425697041
1.435798254
1.44975753
1.467883207
1.490508556
1.517985881
1.550691063
1.589022975
1.633397077
1.684245004
1.742024179
1.807200227
1.880266221
1.961731092
2.052129335
2.152015193
2.261977611
2.382638787
2.514652012
2.658725965
2.815596262
2.986073178
3.17100463
3.371316846
3.588000067
3.822113464
4.074806487
4.347307453
4.640948945
