0.005046175099
0.007073891305
0.007148916326
0.006593785267
0.00600711358
0.005525650427
0.005137565703
0.004810818717
0.004526322522
0.004278378529
0.004065529509
0.003884947002
0.003731276683
0.003598066407
0.00348039718
0.003375153526
0.003280746936
0.003196248706
0.003120432382
0.00305120047
0.002924310515
0.002863947935
0.00274909116
0.002645383287
0.002554671369
0.002476172576
0.002408327729
0.00234735594
0.002261915972
0.002183716445
0.002112524022
0.002050231047
0.001995415784
0.001927956039
0.001882688594
0.00182665463
0.001763973921
0.001708316211
0.001659474452
0.001614563958
0.001566540708
0.00152442202
0.001479228054
0.001440634825
0.001399903409
0.001365455365
0.001330455401
0.001299665042
0.001269075339
0.001239023327
0.001210293027
0.001184740107
0.001158509885
0.001135438363
0.001113413129
0.001091300913
0.001070598999
0.001051779651
0.001034646881
0.001018360996
0.001003966647
0.0009907500463
0.0009783981586
0.000967253721
0.0009574097211
0.0009487519005
0.0009407994667
0.0009334416688
0.0009265999669
0.0009205237516
0.0009152192507
0.0009109028007
0.0009070562629
0.0009037885106
0.0009010728713
0.0008989876484
0.0008977301234
0.0008974421854
0.0008979643225
0.0008992285886
0.0009010576851
0.0009031699894
0.0009063366902
0.0009103818375
0.0009153535107
0.0009211471733
0.0009276340454
0.0009346322261
0.0009423031046
0.000950112238
0.0009580231282
0.0009661195768
0.0009741138861
0.000982255824
0.0009903880312
0.0009985446566
0.001006962519
0.001015846712
0.001025378634
0.00103591503
0.001047547247
0.001059791093
0.001072431604
0.001085261157
0.001097929179
0.001110519754
0.00112283139
0.001134355173
0.001144757197
0.001153597552
0.001160920938
0.001166996884
0.001171565867
0.001174114254
0.001175085828
0.001174577871
0.001172418456
0.001169052497
0.00116465123
0.001159349733
0.001153281341
0.001146557024
0.001139195324
0.001133227227
0.001129363203
0.001127939834
0.00112883358
0.001131249252
0.001135264726
0.001140896355
0.001147023541
0.001151798759
0.001153751208
0.001152396111
0.001147404408
0.001139258426
0.001129259137
0.001118082197
0.001105975328
0.001094614402
0.001087992534
0.001088053258
0.001095265109
0.001109181959
0.001128795539
0.001150998111
0.001175704981
0.001201840305
0.001229843961
0.001256341927
0.001279739128
0.001303621865
0.001326669459
0.00134867588
0.00136818813
0.001390754534
0.001419473695
0.001461473431
0.001508187498
0.001550695889
0.001593197149
0.001619234101
0.001629419987
0.001629728162
0.001619130987
0.001595483692
0.00154329736
0.001453584813
0.001362370575
0.001292587506
0.001234665874
0.001235302513
0.001302806675
0.001406574391
0.001509386678
0.001598422516
