0.005406077554
0.007574280126
0.00762784155
0.006987467231
0.006315630545
0.005777630111
0.005364275702
0.005036906031
0.004765126802
0.004531458893
0.004327418071
0.004148546721
0.003990835147
0.003850195917
0.003723571518
0.003608818141
0.003504135936
0.003408161852
0.003319980942
0.003238618094
0.003092646064
0.003026530959
0.002905436769
0.002798176102
0.002702732136
0.002617050499
0.002539190785
0.002468393215
0.002372591268
0.002287250531
0.002211204595
0.002142843223
0.002080933153
0.00200595674
0.001954964334
0.001892718137
0.001823631884
0.001762498049
0.001707891146
0.001658237041
0.001603844097
0.00155470334
0.001502981104
0.001456947544
0.001409593128
0.001367510504
0.001324902978
0.001285924102
0.001246352714
0.001207312151
0.001169198595
0.001134970594
0.00109901017
0.001066520604
0.001035226568
0.00100268269
0.0009717388301
0.000942580015
0.000915168754
0.0008878767504
0.0008621572784
0.0008371960053
0.0008129212277
0.0007897515388
0.0007676196096
0.0007462585873
0.000724977627
0.0007046293391
0.0006847517521
0.0006657150881
0.0006472625293
0.0006292436323
0.000612155168
0.0005949549201
0.0005782216341
0.0005625311076
0.0005468959154
0.0005321553519
0.0005183135135
0.0005054859759
0.0004933655431
0.0004819713304
0.0004711522761
0.00046122907
0.0004518213901
0.0004424957324
0.0004339458247
0.0004255922186
0.0004177562622
0.0004102336448
0.00040294871
0.0003959453312
0.0003892563074
0.0003826693603
0.0003758084396
0.0003691751231
0.0003627160286
0.0003564592705
0.00035052467
0.0003446605714
0.0003390381551
0.0003336149715
0.0003283095682
0.0003234773808
0.0003190001039
0.0003149997813
0.0003115754476
0.0003087224551
0.0003053934536
0.0003019397712
0.0002981313173
0.0002939727367
0.0002895314474
0.0002848803554
0.0002804332075
0.0002760674871
0.0002714852912
0.0002667174727
0.0002622949609
0.0002585756641
0.0002555564526
0.0002534596733
0.0002523940816
0.0002522882309
0.0002532963691
0.0002554398701
0.0002584483032
0.000262528111
0.0002680043561
0.0002742901647
0.0002819499794
0.0002904476382
0.0003000803262
0.0003101075825
0.000320907488
0.0003325781248
0.000344740281
0.0003575186923
0.0003708865198
0.0003847196997
0.0003987668304
0.0004132829877
0.0004291368582
0.000446211926
0.0004650703382
0.000485648567
0.0005088312035
0.0005337796421
0.0005604474805
0.0005887913905
0.0006184584601
0.0006502336995
0.0006826113569
0.0007165139217
0.0007517367099
0.0007901361883
0.0008309070652
0.0008741530211
0.000919889682
0.0009713441112
0.001031366315
0.001097215031
0.001170616181
0.001253050264
0.001344245166
0.001443169976
0.001550131428
0.001667669624
0.001795405409
0.001932444254
0.002080685053
0.002238633324
0.002405606006
0.002581315054
0.002764244525
0.002946229972
