0.004776405157
0.004498592999
0.003839893055
0.003387393283
0.003065186903
0.002819003302
0.002622937325
0.00246336785
0.002330477219
0.002216922439
0.002118220609
0.002031751937
0.001955712573
0.001887305903
0.001825380805
0.001769629585
0.001718946367
0.001672291645
0.001629376816
0.001589689583
0.001518240326
0.001485770048
0.001426181169
0.001372960524
0.001325335502
0.001282207385
0.001242880483
0.001206887843
0.001158078616
0.001114797575
0.001076113443
0.001041609815
0.001010457812
0.0009733668569
0.0009483002828
0.000918075201
0.0008842091422
0.0008540002591
0.00082693459
0.0008023420474
0.0007754785892
0.0007511020578
0.0007254973679
0.0007025978378
0.0006788360222
0.000657382159
0.0006355747823
0.0006157992217
0.0005959064923
0.0005762251153
0.0005569892174
0.0005398201155
0.0005218111619
0.0005054621833
0.0004899588629
0.0004742568286
0.000459473547
0.0004457557122
0.0004329079523
0.00042015435
0.0004081866378
0.0003966526992
0.0003856522624
0.0003750874151
0.000364699081
0.0003549163754
0.0003454382855
0.0003366574195
0.0003281786408
0.0003203017684
0.0003130482711
0.0003059798885
0.0002992437269
0.0002928452413
0.0002870726529
0.0002817668196
0.0002765355444
0.0002715278588
0.0002667407071
0.0002619517949
0.0002572506391
0.0002530298717
0.0002490665592
0.0002454171061
0.0002417915678
0.0002382471557
0.000235072102
0.0002322292395
0.0002296484249
0.0002273983247
0.0002254766375
0.0002238203671
0.0002225265059
0.0002216393476
0.0002212832859
0.0002214409251
0.0002218798952
0.0002225022534
0.0002233065525
0.0002244132088
0.0002257969932
0.000227312762
0.0002290541378
0.0002309322912
0.0002329687768
0.0002351658537
0.0002374265166
0.0002395900591
0.000241731377
0.0002436612888
0.0002455860078
0.0002476459183
0.0002497645293
0.0002521336681
0.0002546948582
0.0002575091498
0.0002608731057
0.0002651422979
0.0002701254648
0.0002756802794
0.0002814588797
0.0002875993697
0.0002939851422
0.0003006203065
0.0003074032943
0.0003143134343
0.000321158111
0.0003277739444
0.000334462387
0.000341542961
0.000349541541
0.0003578332664
0.000366176796
0.0003744562599
0.0003832455119
0.0003926367705
0.0004027514003
0.0004134546608
0.0004246076427
0.0004361678233
0.0004472612851
0.0004584329729
0.0004699184271
0.0004816270615
0.0004934435427
0.0005053492035
0.0005160061439
0.0005242376128
0.0005311529814
0.0005374879345
0.0005436471719
0.0005509828351
0.0005586460523
0.0005666110283
0.0005748647534
0.0005868279111
0.000604910579
0.0006298071007
0.0006587212865
0.0006934948051
0.0007345703067
0.0007802121533
0.0008321206262
0.0008905839341
0.0009548780796
0.001025827851
0.00110526868
0.001192426137
0.001288094599
0.00139173622
0.001501752109
0.001617353073
0.001735850576
0.001858756927
0.001989502053
0.002126803919
