0.005012087467
0.01002417493
0.0150362624
0.02004834987
0.02506043733
0.0300725248
0.03508461227
0.04009669973
0.0451087872
0.05012087467
0.05513296213
0.0601450496
0.06515713707
0.07016922453
0.075181312
0.08019339947
0.08520548693
0.0902175744
0.09522966187
0.1002417493
0.1102659243
0.1152780117
0.1253021867
0.1353263616
0.1453505365
0.1553747115
0.1653988864
0.1754230613
0.1904593237
0.2054955861
0.2205318485
0.2355681109
0.2506043733
0.2706527232
0.2856889856
0.3057373355
0.3307977728
0.3558582101
0.3809186475
0.4059790848
0.4360516096
0.4661241344
0.5012087467
0.5362933589
0.5763900587
0.6164867584
0.6615955456
0.7067043328
0.7568252075
0.8119581696
0.8721032192
0.9322482688
1.002417493
1.072586718
1.14776803
1.232973517
1.323191091
1.418420753
1.518662502
1.628928427
1.744206438
1.869508625
2.004834987
2.150185523
2.305560235
2.470959121
2.65139427
2.841853594
3.04734918
3.267881028
3.503449139
3.754053513
4.024706236
4.315407309
4.626156732
4.956954505
5.317824802
5.69874345
6.109734622
6.550798319
7.026946628
7.533167462
8.074472909
8.655875055
9.282385988
9.948993621
10.66572213
11.4375836
12.26457803
13.14670543
14.09398996
15.11144371
16.20407878
17.37189516
18.62491703
19.96815647
21.40662557
22.95034851
24.60934946
26.38362842
28.28822166
30.32814126
32.5134114
34.85906833
37.37513624
40.0716393
42.96361376
46.06108382
49.38409781
52.947692
56.76690265
60.8667902
65.25737882
69.96372895
75.01090103
80.42395549
86.22294069
92.44294124
99.11402965
106.2662785
113.9297602
122.1495837
130.9658455
140.4136304
150.5430592
161.4042527
173.0473319
185.5324418
198.9197274
213.2693338
228.6564423
245.1512222
262.8388788
281.7996057
302.1336446
323.931213
347.3025768
372.3580021
399.2227909
428.0222455
458.9017164
492.0115662
527.5071696
565.5689618
606.3723659
650.1178653
697.0209798
747.3072534
801.2272903
859.0316951
921.0061566
987.4564123
1058.698224
1135.077424
1216.969922
1304.77167
1398.903684
1499.83209
1608.038046
1724.052835
1848.437809
1981.799433
2124.779252
2278.073947
2442.430319
2618.640278
2807.570915
3010.124406
3227.298156
3460.134679
3709.77172
3977.422203
4264.379246
4572.041223
4901.896724
5255.554628
