0.02421768867
0.01342336505
0.00975391545
0.007877995824
0.006726106727
0.005940148014
0.005365774805
0.004925301947
0.004575252395
0.00428933263
0.004050670386
0.003847919863
0.003673156378
0.003520668225
0.003386228533
0.00326663802
0.003159427671
0.003062659506
0.002974789551
0.002894571406
0.002753195876
0.00269049768
0.002578114912
0.002480110683
0.002393739474
0.002316930573
0.002248090034
0.002185969032
0.002103266926
0.002030902655
0.001966952239
0.001909953678
0.001858774132
0.001798070124
0.00175729877
0.001708247822
0.001654070093
0.001606411875
0.001564114444
0.001526284882
0.001485811428
0.001449824711
0.00141254139
0.001379469186
0.001345940337
0.001316196858
0.001286487115
0.001260088455
0.001233989059
0.00120855082
0.001184036058
0.001162320885
0.00113991295
0.00112011939
0.001101315406
0.0010824951
0.001064950781
0.001048624016
0.001033448222
0.001018722895
0.00100515096
0.000992143515
0.0009797800214
0.0009681054311
0.0009571379307
0.0009468756915
0.0009370463656
0.0009279416459
0.0009193196991
0.0009112059117
0.0009036074887
0.0008965182847
0.0008898062887
0.0008834925553
0.0008775833656
0.0008720741574
0.0008668159748
0.0008619620887
0.0008573807123
0.0008530831025
0.0008490309308
0.0008452686618
0.0008417535978
0.0008384555338
0.0008353531346
0.0008324717061
0.0008297670874
0.0008272261133
0.0008248520789
0.0008226433699
0.0008205744843
0.0008186369771
0.0008168235137
0.0008151342551
0.0008135545551
0.0008120789136
0.0008107019769
0.0008094145894
0.000808209692
0.0008070875959
0.0008060388129
0.0008050609177
0.0008041490034
0.000803297119
0.000802502142
0.0008017611187
0.0008010700961
0.0008004267668
0.0007998271031
0.0007992686869
0.0007987493296
0.0007982659097
0.000797817452
0.00079740148
0.0007970160206
0.0007966594678
0.0007963307498
0.0007960281717
0.0007957506847
0.0007954974635
0.0007952678618
0.0007950610394
0.0007948766273
0.0007947145654
0.0007945747474
0.0007944573766
0.0007943629291
0.0007942920878
0.0007942458652
0.0007942255872
0.0007942329108
0.0007942698974
0.0007943390669
0.0007944434049
0.000794586535
0.0007947726165
0.0007950066243
0.0007952942934
0.000795642375
0.0007960585801
0.0007965519882
0.0007971330112
0.0007978135345
0.0007986075068
0.0007995305806
0.0008006009794
0.0008018396247
0.0008032703279
0.0008049205811
0.0008068212131
0.0008090079179
0.0008115213647
0.0008144073331
0.0008177180465
0.0008215129105
0.0008258587693
0.0008308307959
0.0008365143375
0.0008430040772
0.000850406762
0.0008588408202
0.0008684379981
0.0008793432672
0.0008917167864
0.0009057339932
0.0009215853154
0.0009394788593
0.0009596365038
0.00098229922
0.001007721514
0.001036175789
0.00106794939
0.001103344015
0.001142677725
0.001186282148
0.001234505512
